x,t=steady
0.000000000000000000e+00,9.999999999999987500e+14
6.999999999999999816e-09,5.705119177021268800e+16
1.399999999999999963e-08,1.129901689422872960e+17
2.099999999999999945e-08,1.688169315162237440e+17
2.799999999999999926e-08,2.245314794920220800e+17
3.499999999999999577e-08,2.801338128696823360e+17
4.199999999999999889e-08,3.356239316492046080e+17
4.900000000000000202e-08,3.910018358305885440e+17
5.599999999999999852e-08,4.462675254138342400e+17
6.299999999999999503e-08,5.014210003989421440e+17
6.999999999999999154e-08,5.564622607859117440e+17
7.700000000000000128e-08,6.113913065747432960e+17
8.399999999999999779e-08,6.662081377654365440e+17
9.099999999999999429e-08,7.209127543579918080e+17
9.800000000000000404e-08,7.755051563524090880e+17
1.050000000000000005e-07,8.299853437486872320e+17
1.119999999999999970e-07,8.843533165468284160e+17
1.189999999999999936e-07,9.386090747468307200e+17
1.259999999999999901e-07,9.927526183486952960e+17
1.329999999999999866e-07,1.046783947352421248e+18
1.399999999999999831e-07,1.100703061758008960e+18
1.470000000000000061e-07,1.154509961565458688e+18
1.540000000000000026e-07,1.208204646774770688e+18
1.609999999999999991e-07,1.261787117385943296e+18
1.679999999999999956e-07,1.315257373398979328e+18
1.749999999999999921e-07,1.368615414813875712e+18
1.819999999999999886e-07,1.421861241630634496e+18
1.889999999999999851e-07,1.474994853849254144e+18
1.960000000000000081e-07,1.528016251469737728e+18
2.030000000000000046e-07,1.580925434492081664e+18
2.100000000000000011e-07,1.633722402916287232e+18
2.169999999999999976e-07,1.686407156742355456e+18
2.239999999999999941e-07,1.738979695970284800e+18
2.309999999999999906e-07,1.791440020600076800e+18
2.379999999999999871e-07,1.843788130631730176e+18
2.449999999999999836e-07,1.896024026065244928e+18
2.519999999999999801e-07,1.948147706900622336e+18
2.589999999999999766e-07,2.000159173137860096e+18
2.659999999999999731e-07,2.052058424776961536e+18
2.729999999999999696e-07,2.103845461817923072e+18
2.799999999999999662e-07,2.155520284260746752e+18
2.870000000000000156e-07,2.207082892105433088e+18
2.940000000000000121e-07,2.258533285351981056e+18
3.010000000000000086e-07,2.309871464000390144e+18
3.080000000000000051e-07,2.361097428050662912e+18
3.150000000000000016e-07,2.412211177502797312e+18
3.219999999999999981e-07,2.463212712356793344e+18
3.289999999999999946e-07,2.514102032612650496e+18
3.359999999999999911e-07,2.564879138270370816e+18
3.429999999999999877e-07,2.615544029329952256e+18
3.499999999999999842e-07,2.666096705791396352e+18
3.569999999999999807e-07,2.716537167654701568e+18
3.639999999999999772e-07,2.766865414919868416e+18
3.709999999999999737e-07,2.817081447586897920e+18
3.779999999999999702e-07,2.867185265655788544e+18
3.849999999999999667e-07,2.917176869126539264e+18
3.920000000000000161e-07,2.967056257999154176e+18
3.990000000000000126e-07,3.016823432273628672e+18
4.060000000000000092e-07,3.066478391949963264e+18
4.130000000000000057e-07,3.116021137028162560e+18
4.200000000000000022e-07,3.165451667508221440e+18
4.269999999999999987e-07,3.214769983390143488e+18
4.339999999999999952e-07,3.263976084673927168e+18
4.409999999999999917e-07,3.313069971359570944e+18
4.479999999999999882e-07,3.362051643447078400e+18
4.549999999999999847e-07,3.410921100936447488e+18
4.619999999999999812e-07,3.459678343827676672e+18
4.689999999999999777e-07,3.508323372120768512e+18
4.759999999999999742e-07,3.556856185815722496e+18
4.829999999999999707e-07,3.605276784912538624e+18
4.899999999999999672e-07,3.653585169411215872e+18
4.969999999999999637e-07,3.701781339311754240e+18
5.039999999999999603e-07,3.749865294614156288e+18
5.109999999999999568e-07,3.797837035318418944e+18
5.179999999999999533e-07,3.845696561424544256e+18
5.249999999999999498e-07,3.893443872932529152e+18
5.319999999999999463e-07,3.941078969842378752e+18
5.389999999999999428e-07,3.988601852154089984e+18
5.459999999999999393e-07,4.036012519867660288e+18
5.529999999999999358e-07,4.083310972983095808e+18
5.599999999999999323e-07,4.130497211500390400e+18
5.670000000000000347e-07,4.177571235419547136e+18
5.740000000000000312e-07,4.224533044740570112e+18
5.810000000000000277e-07,4.271382639463446528e+18
5.880000000000000242e-07,4.318120019588193280e+18
5.950000000000000207e-07,4.364745185114796544e+18
6.020000000000000172e-07,4.411258136043264000e+18
6.090000000000000137e-07,4.457658872373594624e+18
6.160000000000000102e-07,4.503947394105782784e+18
6.230000000000000067e-07,4.550123701239837184e+18
6.300000000000000033e-07,4.596187793775751168e+18
6.369999999999999998e-07,4.642139671713525760e+18
6.439999999999999963e-07,4.687979335053166592e+18
6.509999999999999928e-07,4.733706783794665472e+18
6.579999999999999893e-07,4.779322017938028544e+18
6.649999999999999858e-07,4.824825037483252736e+18
6.719999999999999823e-07,4.870215842430337024e+18
6.789999999999999788e-07,4.915494432779284480e+18
6.859999999999999753e-07,4.960660808530095104e+18
6.929999999999999718e-07,5.005714969682765824e+18
6.999999999999999683e-07,5.050656916237297664e+18
7.069999999999999648e-07,5.095486648193692672e+18
7.139999999999999613e-07,5.140204165551948800e+18
7.209999999999999578e-07,5.184809468312070144e+18
7.279999999999999544e-07,5.229302556474048512e+18
7.349999999999999509e-07,5.273683430037892096e+18
7.419999999999999474e-07,5.317952089003596800e+18
7.489999999999999439e-07,5.362108533371161600e+18
7.559999999999999404e-07,5.406152763140592640e+18
7.629999999999999369e-07,5.450084778311883776e+18
7.699999999999999334e-07,5.493904578885035008e+18
7.769999999999999299e-07,5.537612164860052480e+18
7.840000000000000323e-07,5.581207536236923904e+18
7.910000000000000288e-07,5.624690693015666688e+18
7.980000000000000253e-07,5.668061635196264448e+18
8.050000000000000218e-07,5.711320362778727424e+18
8.120000000000000183e-07,5.754466875763054592e+18
8.190000000000000148e-07,5.797501174149237760e+18
8.260000000000000113e-07,5.840423257937292288e+18
8.330000000000000078e-07,5.883233127127197696e+18
8.400000000000000043e-07,5.925930781718972416e+18
8.470000000000000008e-07,5.968516221712610304e+18
8.539999999999999974e-07,6.010989447108103168e+18
8.609999999999999939e-07,6.053350457905464320e+18
8.679999999999999904e-07,6.095599254104682496e+18
8.749999999999999869e-07,6.137735835705764864e+18
8.819999999999999834e-07,6.179760202708706304e+18
8.889999999999999799e-07,6.221672355113513984e+18
8.959999999999999764e-07,6.263472292920178688e+18
9.029999999999999729e-07,6.305160016128708608e+18
9.099999999999999694e-07,6.346735524739097600e+18
9.169999999999999659e-07,6.388198818751348736e+18
9.239999999999999624e-07,6.429549898165467136e+18
9.309999999999999589e-07,6.470788762981437440e+18
9.379999999999999554e-07,6.511915413199279104e+18
9.449999999999999519e-07,6.552929848818976768e+18
9.519999999999999484e-07,6.593832069840535552e+18
9.590000000000000508e-07,6.634622076263959552e+18
9.659999999999999415e-07,6.675299868089245696e+18
9.730000000000000438e-07,6.715865445316385792e+18
9.799999999999999345e-07,6.756318807945391104e+18
9.870000000000000369e-07,6.796659955976252416e+18
9.939999999999999275e-07,6.836888889408975872e+18
1.001000000000000030e-06,6.877005608243557376e+18
1.007999999999999921e-06,6.917010112479998976e+18
1.015000000000000023e-06,6.956902402118304768e+18
1.021999999999999914e-06,6.996682477158465536e+18
1.029000000000000016e-06,7.036350337600487424e+18
1.035999999999999907e-06,7.075905983444367360e+18
1.043000000000000009e-06,7.115349414690116608e+18
1.049999999999999900e-06,7.154680631337715712e+18
1.057000000000000002e-06,7.193899633387176960e+18
1.063999999999999893e-06,7.233006420838500352e+18
1.070999999999999995e-06,7.272000993691681792e+18
1.077999999999999886e-06,7.310883351946721280e+18
1.084999999999999988e-06,7.349653495603622912e+18
1.091999999999999879e-06,7.388311424662383616e+18
1.098999999999999981e-06,7.426857139123005440e+18
1.105999999999999872e-06,7.465290638985480192e+18
1.112999999999999974e-06,7.503611924249817088e+18
1.119999999999999865e-06,7.541820994916016128e+18
1.126999999999999967e-06,7.579917850984072192e+18
1.134000000000000069e-06,7.617902492453993472e+18
1.140999999999999960e-06,7.655774919325773824e+18
1.148000000000000062e-06,7.693535131599411200e+18
1.154999999999999953e-06,7.731183129274910720e+18
1.162000000000000055e-06,7.768718912352265216e+18
1.168999999999999946e-06,7.806142480831481856e+18
1.176000000000000048e-06,7.843453834712555520e+18
1.182999999999999939e-06,7.880652973995489280e+18
1.190000000000000041e-06,7.917739898680283136e+18
1.196999999999999932e-06,7.954714608766939136e+18
1.204000000000000034e-06,7.991577104255448064e+18
1.210999999999999925e-06,8.028327385145817088e+18
1.218000000000000027e-06,8.064965451438055424e+18
1.224999999999999918e-06,8.101491303132144640e+18
1.232000000000000020e-06,8.137904940228101120e+18
1.238999999999999911e-06,8.174206362725910528e+18
1.246000000000000013e-06,8.210395570625582080e+18
1.252999999999999904e-06,8.246472563927112704e+18
1.260000000000000007e-06,8.282437342630505472e+18
1.266999999999999897e-06,8.318289906735749120e+18
1.274000000000000000e-06,8.354030256242863104e+18
1.280999999999999890e-06,8.389658391151832064e+18
1.287999999999999993e-06,8.425174311462661120e+18
1.294999999999999883e-06,8.460578017175354368e+18
1.301999999999999986e-06,8.495869508289901568e+18
1.308999999999999876e-06,8.531048784806309888e+18
1.315999999999999979e-06,8.566115846724578304e+18
1.322999999999999869e-06,8.601070694044705792e+18
1.329999999999999972e-06,8.635913326766695424e+18
1.336999999999999862e-06,8.670643744890537984e+18
1.343999999999999965e-06,8.705261948416245760e+18
1.351000000000000067e-06,8.739767937343811584e+18
1.357999999999999958e-06,8.774161711673238528e+18
1.365000000000000060e-06,8.808443271404524544e+18
1.371999999999999951e-06,8.842612616537669632e+18
1.379000000000000053e-06,8.876669747072675840e+18
1.385999999999999944e-06,8.910614663009541120e+18
1.393000000000000046e-06,8.944447364348263424e+18
1.399999999999999937e-06,8.978167851088845824e+18
1.407000000000000039e-06,9.011776123231287296e+18
1.413999999999999930e-06,9.045272180775588864e+18
1.421000000000000032e-06,9.078656023721746432e+18
1.427999999999999923e-06,9.111927652069771264e+18
1.435000000000000025e-06,9.145087065819651072e+18
1.441999999999999916e-06,9.178134264971392000e+18
1.449000000000000018e-06,9.211069249524997120e+18
1.455999999999999909e-06,9.243892019480455168e+18
1.463000000000000011e-06,9.276602574837776384e+18
1.469999999999999902e-06,9.309200915596955648e+18
1.477000000000000004e-06,9.341687041757997056e+18
1.483999999999999895e-06,9.374060953320890368e+18
1.490999999999999997e-06,9.406322650285647872e+18
1.497999999999999888e-06,9.438472132652267520e+18
1.504999999999999990e-06,9.470509400420739072e+18
1.511999999999999881e-06,9.502434453591076864e+18
1.518999999999999983e-06,9.534247292163268608e+18
1.525999999999999874e-06,9.565947916137324544e+18
1.532999999999999976e-06,9.597536325513234432e+18
1.539999999999999867e-06,9.629012520291006464e+18
1.546999999999999969e-06,9.660376500470634496e+18
1.553999999999999860e-06,9.691628266052124672e+18
1.560999999999999962e-06,9.722767817035474944e+18
1.568000000000000065e-06,9.753795153420683264e+18
1.574999999999999955e-06,9.784710275207753728e+18
1.582000000000000058e-06,9.815513182396684288e+18
1.588999999999999948e-06,9.846203874987472896e+18
1.596000000000000051e-06,9.876782352980119552e+18
1.602999999999999941e-06,9.907248616374622208e+18
1.610000000000000044e-06,9.937602665170993152e+18
1.616999999999999934e-06,9.967844499369218048e+18
1.624000000000000037e-06,9.997974118969294848e+18
1.630999999999999927e-06,1.002799152397124403e+19
1.638000000000000030e-06,1.005789671437504102e+19
1.644999999999999920e-06,1.008768969018071245e+19
1.652000000000000023e-06,1.011737045138822963e+19
1.658999999999999913e-06,1.014693899799761101e+19
1.666000000000000016e-06,1.017639533000885248e+19
1.672999999999999906e-06,1.020573944742195200e+19
1.680000000000000009e-06,1.023497135023691162e+19
1.686999999999999899e-06,1.026409103845373338e+19
1.694000000000000002e-06,1.029309851207240090e+19
1.700999999999999892e-06,1.032199377109294490e+19
1.707999999999999995e-06,1.035077681551533466e+19
1.714999999999999885e-06,1.037944764533958861e+19
1.721999999999999988e-06,1.040800626056570061e+19
1.728999999999999878e-06,1.043645266119367475e+19
1.735999999999999981e-06,1.046478684722349670e+19
1.742999999999999871e-06,1.049300881865518080e+19
1.749999999999999974e-06,1.052111857548872909e+19
1.756999999999999864e-06,1.054911611772413338e+19
1.763999999999999967e-06,1.057700144536138957e+19
1.770999999999999857e-06,1.060477455840051814e+19
1.777999999999999960e-06,1.063243545684149453e+19
1.784999999999999850e-06,1.065998414068433510e+19
1.791999999999999953e-06,1.068742060992902758e+19
1.799000000000000055e-06,1.071474486457559450e+19
1.805999999999999946e-06,1.074195690462400922e+19
1.813000000000000048e-06,1.076905673007429018e+19
1.819999999999999939e-06,1.079604434092642509e+19
1.827000000000000041e-06,1.082291973718042010e+19
1.833999999999999932e-06,1.084968291883626906e+19
1.841000000000000034e-06,1.087633388589398630e+19
1.847999999999999925e-06,1.090287263835355955e+19
1.855000000000000027e-06,1.092929917621498880e+19
1.861999999999999918e-06,1.095561349947827405e+19
1.869000000000000020e-06,1.098181560814341734e+19
1.875999999999999911e-06,1.100790550221041869e+19
1.883000000000000013e-06,1.103388318167928013e+19
1.889999999999999904e-06,1.105974864655000576e+19
1.897000000000000006e-06,1.108550189682258330e+19
1.903999999999999897e-06,1.111114293249702298e+19
1.910999999999999999e-06,1.113667175357331456e+19
1.918000000000000102e-06,1.116208836005147648e+19
1.924999999999999781e-06,1.118739275193149440e+19
1.931999999999999883e-06,1.121258492921337856e+19
1.938999999999999985e-06,1.123766489189712077e+19
1.946000000000000088e-06,1.126263263998272102e+19
1.952999999999999767e-06,1.128748817347018752e+19
1.959999999999999869e-06,1.131223149235951821e+19
1.966999999999999971e-06,1.133686259665069875e+19
1.974000000000000074e-06,1.136138148634375782e+19
1.980999999999999753e-06,1.138578816143866675e+19
1.987999999999999855e-06,1.141008262193544397e+19
1.994999999999999957e-06,1.143426486783407309e+19
2.002000000000000060e-06,1.145833489913457869e+19
2.008999999999999739e-06,1.148229271583693005e+19
2.015999999999999841e-06,1.150613831794115379e+19
2.022999999999999943e-06,1.152987170544723763e+19
2.030000000000000046e-06,1.155349287835518566e+19
2.037000000000000148e-06,1.157700183666498560e+19
2.043999999999999827e-06,1.160039858037665382e+19
2.050999999999999929e-06,1.162368310949018010e+19
2.058000000000000032e-06,1.164685542400557670e+19
2.065000000000000134e-06,1.166991552392282522e+19
2.071999999999999813e-06,1.169286340924194611e+19
2.078999999999999915e-06,1.171569907996292301e+19
2.086000000000000018e-06,1.173842253608576410e+19
2.093000000000000120e-06,1.176103377761046528e+19
2.099999999999999799e-06,1.178353280453704090e+19
2.106999999999999901e-06,1.180591961686545613e+19
2.114000000000000004e-06,1.182819421459574784e+19
2.121000000000000106e-06,1.185035659772790170e+19
2.127999999999999785e-06,1.187240676626191360e+19
2.134999999999999888e-06,1.189434472019778970e+19
2.141999999999999990e-06,1.191617045953553203e+19
2.149000000000000092e-06,1.193788398427512627e+19
2.155999999999999771e-06,1.195948529441658880e+19
2.162999999999999874e-06,1.198097438995990323e+19
2.169999999999999976e-06,1.200235127090509005e+19
2.177000000000000078e-06,1.202361593725212877e+19
2.183999999999999757e-06,1.204476838900103578e+19
2.190999999999999860e-06,1.206580862615180288e+19
2.197999999999999962e-06,1.208673664870442803e+19
2.205000000000000064e-06,1.210755245665891942e+19
2.211999999999999743e-06,1.212825605001526886e+19
2.218999999999999846e-06,1.214884742877349069e+19
2.225999999999999948e-06,1.216932659293355827e+19
2.233000000000000050e-06,1.218969354249550234e+19
2.239999999999999729e-06,1.220994827745930240e+19
2.246999999999999832e-06,1.223009079782496051e+19
2.253999999999999934e-06,1.225012110359248691e+19
2.261000000000000036e-06,1.227003919476187750e+19
2.268000000000000139e-06,1.228984507133312205e+19
2.274999999999999818e-06,1.230953873330623283e+19
2.281999999999999920e-06,1.232912018068120576e+19
2.289000000000000022e-06,1.234858941345803674e+19
2.296000000000000125e-06,1.236794643163672371e+19
2.302999999999999804e-06,1.238719123521728307e+19
2.309999999999999906e-06,1.240632382419970662e+19
2.317000000000000008e-06,1.242534419858398413e+19
2.324000000000000111e-06,1.244425235837012582e+19
2.330999999999999790e-06,1.246304830355813171e+19
2.337999999999999892e-06,1.248173203414799770e+19
2.344999999999999994e-06,1.250030355013972378e+19
2.352000000000000097e-06,1.251876285153331610e+19
2.358999999999999776e-06,1.253710993832876646e+19
2.365999999999999878e-06,1.255534481052608307e+19
2.372999999999999980e-06,1.257346746812525363e+19
2.380000000000000083e-06,1.259147791112629248e+19
2.386999999999999762e-06,1.260937613952918938e+19
2.393999999999999864e-06,1.262716215333394842e+19
2.400999999999999967e-06,1.264483595254056960e+19
2.408000000000000069e-06,1.266239753714905498e+19
2.414999999999999748e-06,1.267984690715940045e+19
2.421999999999999850e-06,1.269718406257160602e+19
2.428999999999999953e-06,1.271440900338567373e+19
2.436000000000000055e-06,1.273152172960159949e+19
2.442999999999999734e-06,1.274852224121939968e+19
2.449999999999999836e-06,1.276541053823904973e+19
2.456999999999999939e-06,1.278218662066056602e+19
2.464000000000000041e-06,1.279885048848394854e+19
2.471000000000000143e-06,1.281540214170919322e+19
2.477999999999999822e-06,1.283184158033628979e+19
2.484999999999999925e-06,1.284816880436525670e+19
2.492000000000000027e-06,1.286438381379608576e+19
2.499000000000000129e-06,1.288048660862876877e+19
2.505999999999999808e-06,1.289647718886332416e+19
2.512999999999999911e-06,1.291235555449973350e+19
2.520000000000000013e-06,1.292812170553800704e+19
2.527000000000000115e-06,1.294377564197813862e+19
2.533999999999999794e-06,1.295931736382013235e+19
2.540999999999999897e-06,1.297474687106399232e+19
2.547999999999999999e-06,1.299006416370971238e+19
2.555000000000000101e-06,1.300526924175729254e+19
2.561999999999999780e-06,1.302036210520673280e+19
2.568999999999999883e-06,1.303534275405804134e+19
2.575999999999999985e-06,1.305021118831120794e+19
2.583000000000000087e-06,1.306496740796623462e+19
2.589999999999999766e-06,1.307961141302313165e+19
2.596999999999999869e-06,1.309414320348187853e+19
2.603999999999999971e-06,1.310856277934249370e+19
2.611000000000000073e-06,1.312287014060497306e+19
2.617999999999999752e-06,1.313706528726931866e+19
2.624999999999999855e-06,1.315114821933551206e+19
2.631999999999999957e-06,1.316511893680357990e+19
2.639000000000000060e-06,1.317897743967349760e+19
2.645999999999999738e-06,1.319272372794528154e+19
2.652999999999999841e-06,1.320635780161892557e+19
2.659999999999999943e-06,1.321987966069443174e+19
2.667000000000000046e-06,1.323328930517180211e+19
2.673999999999999724e-06,1.324658673505103258e+19
2.680999999999999827e-06,1.325977195033212928e+19
2.687999999999999929e-06,1.327284495101508198e+19
2.695000000000000032e-06,1.328580573709989888e+19
2.702000000000000134e-06,1.329865430858658816e+19
2.708999999999999813e-06,1.331139066547512730e+19
2.715999999999999915e-06,1.332401480776552858e+19
2.723000000000000018e-06,1.333652673545779610e+19
2.730000000000000120e-06,1.334892644855192576e+19
2.736999999999999799e-06,1.336121394704790733e+19
2.743999999999999901e-06,1.337338923094575923e+19
2.751000000000000004e-06,1.338545230024545690e+19
2.758000000000000106e-06,1.339740315494704128e+19
2.764999999999999785e-06,1.340924179505046733e+19
2.771999999999999887e-06,1.342096822055575757e+19
2.778999999999999990e-06,1.343258243146292019e+19
2.786000000000000092e-06,1.344408442777192653e+19
2.792999999999999771e-06,1.345547420948281754e+19
2.799999999999999873e-06,1.346675177659555021e+19
2.806999999999999976e-06,1.347791712911015731e+19
2.814000000000000078e-06,1.348897026702662042e+19
2.820999999999999757e-06,1.349991119034495386e+19
2.827999999999999859e-06,1.351073989906513306e+19
2.834999999999999962e-06,1.352145639318719078e+19
2.842000000000000064e-06,1.353206067271110042e+19
2.848999999999999743e-06,1.354255273763688038e+19
2.855999999999999845e-06,1.355293258796451226e+19
2.862999999999999948e-06,1.356320022369401037e+19
2.870000000000000050e-06,1.357335564482537472e+19
2.876999999999999729e-06,1.358339885135859917e+19
2.883999999999999831e-06,1.359332984329367962e+19
2.890999999999999934e-06,1.360314862063063040e+19
2.898000000000000036e-06,1.361285518336943309e+19
2.904999999999999715e-06,1.362244953151011430e+19
2.911999999999999817e-06,1.363193166505263923e+19
2.918999999999999920e-06,1.364130158399704269e+19
2.926000000000000022e-06,1.365055928834329190e+19
2.933000000000000125e-06,1.365970477809141350e+19
2.939999999999999803e-06,1.366873805324139520e+19
2.946999999999999906e-06,1.367765911379324109e+19
2.954000000000000008e-06,1.368646795974694502e+19
2.961000000000000111e-06,1.369516459110251110e+19
2.967999999999999789e-06,1.370374900785993523e+19
2.974999999999999892e-06,1.371222121001923174e+19
2.981999999999999994e-06,1.372058119758037811e+19
2.989000000000000097e-06,1.372882897054339277e+19
2.995999999999999775e-06,1.373696452890827162e+19
3.002999999999999878e-06,1.374498787267501056e+19
3.009999999999999980e-06,1.375289900184360960e+19
3.017000000000000083e-06,1.376069791641406669e+19
3.023999999999999762e-06,1.376838461638638797e+19
3.030999999999999864e-06,1.377595910176057139e+19
3.037999999999999966e-06,1.378342137253662106e+19
3.045000000000000069e-06,1.379077142871452672e+19
3.051999999999999748e-06,1.379800927029430067e+19
3.058999999999999850e-06,1.380513489727593472e+19
3.065999999999999952e-06,1.381214830965941862e+19
3.073000000000000055e-06,1.381904950744477696e+19
3.079999999999999734e-06,1.382583849063199744e+19
3.086999999999999836e-06,1.383251525922107392e+19
3.093999999999999938e-06,1.383907981321202688e+19
3.101000000000000041e-06,1.384553215260482765e+19
3.107999999999999720e-06,1.385187227739949875e+19
3.114999999999999822e-06,1.385810018759603814e+19
3.121999999999999924e-06,1.386421588319442739e+19
3.129000000000000027e-06,1.387021936419468902e+19
3.136000000000000129e-06,1.387611063059680870e+19
3.142999999999999808e-06,1.388188968240079462e+19
3.149999999999999910e-06,1.388755651960664064e+19
3.157000000000000013e-06,1.389311114221435085e+19
3.164000000000000115e-06,1.389855355022392115e+19
3.170999999999999794e-06,1.390388374363535360e+19
3.177999999999999896e-06,1.390910172244865229e+19
3.184999999999999999e-06,1.391420748666380698e+19
3.192000000000000101e-06,1.391920103628082790e+19
3.198999999999999780e-06,1.392408237129971098e+19
3.205999999999999882e-06,1.392885149172045619e+19
3.212999999999999985e-06,1.393350839754306355e+19
3.220000000000000087e-06,1.393805308876753101e+19
3.226999999999999766e-06,1.394248556539386675e+19
3.233999999999999868e-06,1.394680582742205850e+19
3.240999999999999971e-06,1.395101387485211648e+19
3.248000000000000073e-06,1.395510970768404275e+19
3.254999999999999752e-06,1.395909332591781888e+19
3.261999999999999855e-06,1.396296472955346944e+19
3.268999999999999957e-06,1.396672391859097395e+19
3.276000000000000059e-06,1.397037089303034470e+19
3.282999999999999738e-06,1.397390565287157760e+19
3.289999999999999841e-06,1.397732819811467878e+19
3.296999999999999943e-06,1.398063852875962573e+19
3.304000000000000045e-06,1.398383664480645734e+19
3.310999999999999724e-06,1.398692254625513882e+19
3.317999999999999827e-06,1.398989623310568243e+19
3.324999999999999929e-06,1.399275770535808819e+19
3.332000000000000031e-06,1.399550696301236429e+19
3.338999999999999710e-06,1.399814400606849024e+19
3.345999999999999813e-06,1.400066883452648653e+19
3.352999999999999915e-06,1.400308144838633882e+19
3.360000000000000017e-06,1.400538184764805530e+19
3.367000000000000120e-06,1.400757003231163597e+19
3.373999999999999799e-06,1.400964600237707264e+19
3.380999999999999901e-06,1.401160975784437555e+19
3.388000000000000003e-06,1.401346129871352832e+19
3.395000000000000106e-06,1.401520062498455962e+19
3.401999999999999785e-06,1.401682773665743258e+19
3.408999999999999887e-06,1.401834263373219226e+19
3.415999999999999989e-06,1.401974531620880179e+19
3.423000000000000092e-06,1.402103578408727347e+19
3.429999999999999771e-06,1.402221403736760934e+19
3.436999999999999873e-06,1.402328007604980941e+19
3.443999999999999975e-06,1.402423390013386138e+19
3.451000000000000078e-06,1.402507550961978368e+19
3.457999999999999757e-06,1.402580490450756198e+19
3.464999999999999859e-06,1.402642208479720858e+19
3.471999999999999961e-06,1.402692705048870502e+19
3.479000000000000064e-06,1.402731980158208000e+19
3.485999999999999743e-06,1.402760033807731098e+19
3.492999999999999845e-06,1.402776865997440819e+19
3.499999999999999947e-06,1.402782476727335936e+19
3.507000000000000050e-06,1.402776865997417677e+19
3.513999999999999729e-06,1.402760033807686246e+19
3.520999999999999831e-06,1.402731980158140416e+19
3.527999999999999934e-06,1.402692705048781005e+19
3.535000000000000036e-06,1.402642208479607808e+19
3.541999999999999715e-06,1.402580490450620416e+19
3.548999999999999817e-06,1.402507550961820467e+19
3.555999999999999920e-06,1.402423390013205299e+19
3.563000000000000022e-06,1.402328007604776960e+19
3.569999999999999701e-06,1.402221403736535654e+19
3.576999999999999803e-06,1.402103578408479130e+19
3.583999999999999906e-06,1.401974531620608819e+19
3.591000000000000008e-06,1.401834263372925747e+19
3.598000000000000110e-06,1.401682773665428070e+19
3.604999999999999789e-06,1.401520062498117427e+19
3.611999999999999892e-06,1.401346129870992794e+19
3.618999999999999994e-06,1.401160975784053965e+19
3.626000000000000096e-06,1.400964600237301555e+19
3.632999999999999775e-06,1.400757003230734746e+19
3.639999999999999878e-06,1.400538184764354560e+19
3.646999999999999980e-06,1.400308144838158950e+19
3.654000000000000082e-06,1.400066883452151808e+19
3.660999999999999761e-06,1.399814400606329651e+19
3.667999999999999864e-06,1.399550696300693094e+19
3.674999999999999966e-06,1.399275770535243776e+19
3.682000000000000068e-06,1.398989623309980058e+19
3.688999999999999747e-06,1.398692254624902963e+19
3.695999999999999850e-06,1.398383664480011878e+19
3.702999999999999952e-06,1.398063852875307827e+19
3.710000000000000054e-06,1.397732819810788352e+19
3.716999999999999733e-06,1.397390565286457344e+19
3.723999999999999836e-06,1.397037089302309888e+19
3.730999999999999938e-06,1.396672391858350694e+19
3.738000000000000040e-06,1.396296472954576896e+19
3.744999999999999719e-06,1.395909332590989517e+19
3.751999999999999822e-06,1.395510970767588557e+19
3.758999999999999924e-06,1.395101387484373606e+19
3.766000000000000027e-06,1.394680582741345485e+19
3.772999999999999705e-06,1.394248556538503373e+19
3.779999999999999808e-06,1.393805308875847885e+19
3.786999999999999910e-06,1.393350839753377792e+19
3.794000000000000013e-06,1.392885149171095142e+19
3.800999999999999691e-06,1.392408237128998298e+19
3.807999999999999794e-06,1.391920103627087258e+19
3.814999999999999896e-06,1.391420748665363046e+19
3.821999999999999999e-06,1.390910172243825050e+19
3.829000000000000101e-06,1.390388374362473267e+19
3.836000000000000203e-06,1.389855355021307290e+19
3.843000000000000306e-06,1.389311114220326912e+19
3.849999999999999561e-06,1.388755651959535206e+19
3.856999999999999663e-06,1.388188968238927667e+19
3.863999999999999766e-06,1.387611063058507776e+19
3.870999999999999868e-06,1.387021936418273075e+19
3.877999999999999971e-06,1.386421588318224589e+19
3.885000000000000073e-06,1.385810018758362317e+19
3.892000000000000175e-06,1.385187227738686054e+19
3.899000000000000278e-06,1.384553215259196826e+19
3.905999999999999533e-06,1.383907981319893811e+19
3.912999999999999636e-06,1.383251525920776602e+19
3.919999999999999738e-06,1.382583849061846426e+19
3.926999999999999840e-06,1.381904950743101440e+19
3.933999999999999943e-06,1.381214830964543283e+19
3.941000000000000045e-06,1.380513489726170931e+19
3.948000000000000147e-06,1.379800927027985203e+19
3.955000000000000250e-06,1.379077142869985485e+19
3.961999999999999505e-06,1.378342137252172595e+19
3.968999999999999608e-06,1.377595910174545510e+19
3.975999999999999710e-06,1.376838461637105254e+19
3.982999999999999812e-06,1.376069791639849984e+19
3.989999999999999915e-06,1.375289900182782362e+19
3.997000000000000017e-06,1.374498787265899520e+19
4.004000000000000120e-06,1.373696452889203917e+19
4.011000000000000222e-06,1.372882897052693094e+19
4.017999999999999477e-06,1.372058119756370534e+19
4.024999999999999580e-06,1.371222121000232755e+19
4.031999999999999682e-06,1.370374900784282010e+19
4.038999999999999784e-06,1.369516459108517274e+19
4.045999999999999887e-06,1.368646795972938547e+19
4.052999999999999989e-06,1.367765911377545626e+19
4.060000000000000092e-06,1.366873805322339738e+19
4.067000000000000194e-06,1.365970477807319245e+19
4.074000000000000296e-06,1.365055928832484762e+19
4.080999999999999552e-06,1.364130158397837926e+19
4.087999999999999654e-06,1.363193166503376691e+19
4.094999999999999756e-06,1.362244953149101875e+19
4.101999999999999859e-06,1.361285518335012864e+19
4.108999999999999961e-06,1.360314862061110682e+19
4.116000000000000064e-06,1.359332984327394714e+19
4.123000000000000166e-06,1.358339885133865165e+19
4.130000000000000268e-06,1.357335564480520397e+19
4.136999999999999524e-06,1.356320022367363686e+19
4.143999999999999626e-06,1.355293258794392576e+19
4.150999999999999729e-06,1.354255273761607066e+19
4.157999999999999831e-06,1.353206067269008179e+19
4.164999999999999933e-06,1.352145639316595098e+19
4.172000000000000036e-06,1.351073989904368640e+19
4.179000000000000138e-06,1.349991119032327578e+19
4.186000000000000240e-06,1.348897026700473549e+19
4.192999999999999496e-06,1.347791712908805734e+19
4.199999999999999598e-06,1.346675177657323930e+19
4.206999999999999701e-06,1.345547420946029158e+19
4.213999999999999803e-06,1.344408442774919373e+19
4.220999999999999905e-06,1.343258243143997235e+19
4.228000000000000008e-06,1.342096822053259469e+19
4.235000000000000110e-06,1.340924179502709555e+19
4.242000000000000212e-06,1.339740315492344218e+19
4.248999999999999468e-06,1.338545230022166528e+19
4.255999999999999570e-06,1.337338923092174234e+19
4.262999999999999673e-06,1.336121394702369178e+19
4.269999999999999775e-06,1.334892644852749926e+19
4.276999999999999877e-06,1.333652673543316890e+19
4.283999999999999980e-06,1.332401480774069862e+19
4.291000000000000082e-06,1.331139066545009254e+19
4.298000000000000185e-06,1.329865430856135475e+19
4.305000000000000287e-06,1.328580573707447091e+19
4.311999999999999542e-06,1.327284495098945741e+19
4.318999999999999645e-06,1.325977195030631014e+19
4.325999999999999747e-06,1.324658673502502707e+19
4.332999999999999849e-06,1.323328930514559795e+19
4.339999999999999952e-06,1.321987966066803917e+19
4.347000000000000054e-06,1.320635780159233843e+19
4.354000000000000157e-06,1.319272372791850803e+19
4.361000000000000259e-06,1.317897743964651930e+19
4.367999999999999514e-06,1.316511893677641318e+19
4.374999999999999617e-06,1.315114821930816102e+19
4.381999999999999719e-06,1.313706528724177715e+19
4.388999999999999822e-06,1.312287014057725542e+19
4.395999999999999924e-06,1.310856277931458560e+19
4.403000000000000026e-06,1.309414320345378406e+19
4.410000000000000129e-06,1.307961141299484058e+19
4.417000000000000231e-06,1.306496740793775718e+19
4.423999999999999486e-06,1.305021118828254208e+19
4.430999999999999589e-06,1.303534275402919526e+19
4.437999999999999691e-06,1.302036210517770035e+19
4.444999999999999794e-06,1.300526924172807987e+19
4.451999999999999896e-06,1.299006416368031130e+19
4.458999999999999998e-06,1.297474687103440486e+19
4.466000000000000101e-06,1.295931736379036672e+19
4.473000000000000203e-06,1.294377564194818253e+19
4.479999999999999458e-06,1.292812170550787072e+19
4.486999999999999561e-06,1.291235555446942515e+19
4.493999999999999663e-06,1.289647718883283354e+19
4.500999999999999766e-06,1.288048660859810611e+19
4.507999999999999868e-06,1.286438381376524698e+19
4.514999999999999970e-06,1.284816880433424589e+19
4.522000000000000073e-06,1.283184158030510080e+19
4.529000000000000175e-06,1.281540214167782195e+19
4.536000000000000278e-06,1.279885048845240934e+19
4.542999999999999533e-06,1.278218662062886502e+19
4.549999999999999635e-06,1.276541053820717261e+19
4.556999999999999738e-06,1.274852224118734643e+19
4.563999999999999840e-06,1.273152172956939469e+19
4.570999999999999942e-06,1.271440900335329280e+19
4.578000000000000045e-06,1.269718406253905715e+19
4.585000000000000147e-06,1.267984690712668774e+19
4.592000000000000250e-06,1.266239753711617229e+19
4.598999999999999505e-06,1.264483595250753126e+19
4.605999999999999607e-06,1.262716215330074829e+19
4.612999999999999710e-06,1.260937613949583155e+19
4.619999999999999812e-06,1.259147791109276467e+19
4.626999999999999914e-06,1.257346746809156813e+19
4.634000000000000017e-06,1.255534481049222554e+19
4.641000000000000119e-06,1.253710993829474714e+19
4.648000000000000222e-06,1.251876285149913702e+19
4.654999999999999477e-06,1.250030355010538496e+19
4.661999999999999579e-06,1.248173203411349914e+19
4.668999999999999682e-06,1.246304830352347955e+19
4.675999999999999784e-06,1.244425235833531392e+19
4.682999999999999887e-06,1.242534419854901248e+19
4.689999999999999989e-06,1.240632382416456909e+19
4.697000000000000091e-06,1.238719123518198989e+19
4.704000000000000194e-06,1.236794643160127488e+19
4.711000000000000296e-06,1.234858941342241997e+19
4.717999999999999551e-06,1.232912018064543130e+19
4.724999999999999654e-06,1.230953873327029658e+19
4.731999999999999756e-06,1.228984507129703219e+19
4.738999999999999859e-06,1.227003919472562790e+19
4.745999999999999961e-06,1.225012110355607757e+19
4.753000000000000063e-06,1.223009079778839962e+19
4.760000000000000166e-06,1.220994827742257971e+19
4.767000000000000268e-06,1.218969354245861786e+19
4.773999999999999524e-06,1.216932659289653453e+19
4.780999999999999626e-06,1.214884742873629082e+19
4.787999999999999728e-06,1.212825604997793178e+19
4.794999999999999831e-06,1.210755245662141645e+19
4.801999999999999933e-06,1.208673664866678170e+19
4.809000000000000035e-06,1.206580862611398861e+19
4.816000000000000138e-06,1.204476838896307405e+19
4.823000000000000240e-06,1.202361593721401549e+19
4.829999999999999496e-06,1.200235127086682112e+19
4.836999999999999598e-06,1.198097438992149094e+19
4.843999999999999700e-06,1.195948529437802086e+19
4.850999999999999803e-06,1.193788398423641498e+19
4.857999999999999905e-06,1.191617045949667328e+19
4.865000000000000007e-06,1.189434472015879168e+19
4.872000000000000110e-06,1.187240676622278042e+19
4.879000000000000212e-06,1.185035659768861491e+19
4.885999999999999468e-06,1.182819421455633408e+19
4.892999999999999570e-06,1.180591961682590106e+19
4.899999999999999672e-06,1.178353280449734042e+19
4.906999999999999775e-06,1.176103377757063373e+19
4.913999999999999877e-06,1.173842253604579123e+19
4.920999999999999980e-06,1.171569907992281088e+19
4.928000000000000082e-06,1.169286340920169472e+19
4.935000000000000184e-06,1.166991552388243456e+19
4.942000000000000287e-06,1.164685542396503654e+19
4.948999999999999542e-06,1.162368310944950886e+19
4.955999999999999644e-06,1.160039858033583104e+19
4.962999999999999747e-06,1.157700183662402970e+19
4.969999999999999849e-06,1.155349287831408026e+19
4.976999999999999952e-06,1.152987170540599706e+19
4.984000000000000054e-06,1.150613831789977395e+19
4.991000000000000156e-06,1.148229271579541504e+19
4.998000000000000259e-06,1.145833489909290598e+19
5.004999999999999514e-06,1.143426486779227546e+19
5.011999999999999616e-06,1.141008262189349888e+19
5.018999999999999719e-06,1.138578816139658445e+19
5.025999999999999821e-06,1.136138148630153216e+19
5.032999999999999924e-06,1.133686259660834202e+19
5.040000000000000026e-06,1.131223149231701606e+19
5.047000000000000128e-06,1.128748817342754406e+19
5.054000000000000231e-06,1.126263263993994445e+19
5.060999999999999486e-06,1.123766489185420493e+19
5.067999999999999589e-06,1.121258492917032346e+19
5.074999999999999691e-06,1.118739275188831232e+19
5.081999999999999793e-06,1.116208836000815718e+19
5.088999999999999896e-06,1.113667175352986419e+19
5.095999999999999998e-06,1.111114293245343130e+19
5.103000000000000100e-06,1.108550189677885645e+19
5.110000000000000203e-06,1.105974864650615194e+19
5.116999999999999458e-06,1.103388318163530957e+19
5.123999999999999561e-06,1.100790550216632320e+19
5.130999999999999663e-06,1.098181560809921126e+19
5.137999999999999765e-06,1.095561349943395533e+19
5.144999999999999868e-06,1.092929917617055539e+19
5.151999999999999970e-06,1.090287263830902374e+19
5.159000000000000073e-06,1.087633388584936038e+19
5.166000000000000175e-06,1.084968291879154483e+19
5.173000000000000277e-06,1.082291973713559757e+19
5.179999999999999533e-06,1.079604434088152474e+19
5.186999999999999635e-06,1.076905673002930176e+19
5.193999999999999737e-06,1.074195690457895322e+19
5.200999999999999840e-06,1.071474486453045248e+19
5.207999999999999942e-06,1.068742060988382413e+19
5.215000000000000045e-06,1.065998414063904768e+19
5.222000000000000147e-06,1.063243545679614566e+19
5.229000000000000249e-06,1.060477455835509146e+19
5.235999999999999505e-06,1.057700144531591782e+19
5.242999999999999607e-06,1.054911611767858586e+19
5.249999999999999709e-06,1.052111857544312627e+19
5.256999999999999812e-06,1.049300881860952269e+19
5.263999999999999914e-06,1.046478684717777920e+19
5.271000000000000017e-06,1.043645266114790195e+19
5.278000000000000119e-06,1.040800626051989094e+19
5.285000000000000221e-06,1.037944764529372774e+19
5.291999999999999477e-06,1.035077681546944717e+19
5.298999999999999579e-06,1.032199377104701645e+19
5.305999999999999682e-06,1.029309851202644787e+19
5.312999999999999784e-06,1.026409103840774349e+19
5.319999999999999886e-06,1.023497135019090534e+19
5.326999999999999989e-06,1.020573944737593344e+19
5.334000000000000091e-06,1.017639532996281344e+19
5.341000000000000193e-06,1.014693899795155763e+19
5.347999999999999449e-06,1.011737045134217216e+19
5.354999999999999551e-06,1.008768969013464474e+19
5.361999999999999654e-06,1.005789671432898150e+19
5.368999999999999756e-06,1.002799152392518246e+19
5.375999999999999858e-06,9.997974118923237376e+18
5.382999999999999961e-06,9.967844499323158528e+18
5.390000000000000063e-06,9.937602665124945920e+18
5.397000000000000166e-06,9.907248616328583168e+18
5.404000000000000268e-06,9.876782352934090752e+18
5.410999999999999523e-06,9.846203874941460480e+18
5.417999999999999626e-06,9.815513182350690304e+18
5.424999999999999728e-06,9.784710275161786368e+18
5.431999999999999830e-06,9.753795153374738432e+18
5.438999999999999933e-06,9.722767816989554688e+18
5.446000000000000035e-06,9.691628266006228992e+18
5.453000000000000138e-06,9.660376500424767488e+18
5.460000000000000240e-06,9.629012520245170176e+18
5.466999999999999495e-06,9.597536325467443200e+18
5.473999999999999598e-06,9.565947916091568128e+18
5.480999999999999700e-06,9.534247292117555200e+18
5.487999999999999802e-06,9.502434453545412608e+18
5.494999999999999905e-06,9.470509400375123968e+18
5.502000000000000007e-06,9.438472132606699520e+18
5.509000000000000110e-06,9.406322650240133120e+18
5.516000000000000212e-06,9.374060953275432960e+18
5.522999999999999467e-06,9.341687041712599040e+18
5.529999999999999570e-06,9.309200915551623168e+18
5.536999999999999672e-06,9.276602574792513536e+18
5.543999999999999775e-06,9.243892019435264000e+18
5.550999999999999877e-06,9.211069249479873536e+18
5.557999999999999979e-06,9.178134264926350336e+18
5.565000000000000082e-06,9.145087065774679040e+18
5.572000000000000184e-06,9.111927652024873984e+18
5.578999999999999439e-06,9.078656023676936192e+18
5.585999999999999542e-06,9.045272180730856448e+18
5.592999999999999644e-06,9.011776123186637824e+18
5.599999999999999747e-06,8.978167851044280320e+18
5.606999999999999849e-06,8.944447364303789056e+18
5.613999999999999951e-06,8.910614662965153792e+18
5.621000000000000054e-06,8.876669747028382720e+18
5.628000000000000156e-06,8.842612616493473792e+18
5.635000000000000259e-06,8.808443271360423936e+18
5.641999999999999514e-06,8.774161711629245440e+18
5.648999999999999616e-06,8.739767937299924992e+18
5.655999999999999719e-06,8.705261948372465664e+18
5.662999999999999821e-06,8.670643744846867456e+18
5.669999999999999923e-06,8.635913326723126272e+18
5.677000000000000026e-06,8.601070694001252352e+18
5.684000000000000128e-06,8.566115846681237504e+18
5.691000000000000231e-06,8.531048784763078656e+18
5.697999999999999486e-06,8.495869508246800384e+18
5.704999999999999588e-06,8.460578017132371968e+18
5.711999999999999691e-06,8.425174311419806720e+18
5.718999999999999793e-06,8.389658391109103616e+18
5.725999999999999895e-06,8.354030256200263680e+18
5.732999999999999998e-06,8.318289906693282816e+18
5.740000000000000100e-06,8.282437342588161024e+18
5.747000000000000203e-06,8.246472563884902400e+18
5.753999999999999458e-06,8.210395570583515136e+18
5.760999999999999560e-06,8.174206362683982848e+18
5.767999999999999663e-06,8.137904940186313728e+18
5.774999999999999765e-06,8.101491303090504704e+18
5.781999999999999868e-06,8.064965451396559872e+18
5.788999999999999970e-06,8.028327385104468992e+18
5.796000000000000072e-06,7.991577104214247424e+18
5.803000000000000175e-06,7.954714608725880832e+18
5.809999999999999430e-06,7.917739898639388672e+18
5.816999999999999532e-06,7.880652973954747392e+18
5.823999999999999635e-06,7.843453834671970304e+18
5.830999999999999737e-06,7.806142480791054336e+18
5.837999999999999840e-06,7.768718912311999488e+18
5.844999999999999942e-06,7.731183129234806784e+18
5.852000000000000044e-06,7.693535131559476224e+18
5.859000000000000147e-06,7.655774919286009856e+18
5.866000000000000249e-06,7.617902492414399488e+18
5.872999999999999504e-06,7.579917850944665600e+18
5.879999999999999607e-06,7.541820994876786688e+18
5.886999999999999709e-06,7.503611924210767872e+18
5.893999999999999812e-06,7.465290638946612224e+18
5.900999999999999914e-06,7.426857139084315648e+18
5.908000000000000016e-06,7.388311424623885312e+18
5.915000000000000119e-06,7.349653495565316096e+18
5.922000000000000221e-06,7.310883351908600832e+18
5.928999999999999477e-06,7.272000993653763072e+18
5.935999999999999579e-06,7.233006420800774144e+18
5.942999999999999681e-06,7.193899633349652480e+18
5.949999999999999784e-06,7.154680631300389888e+18
5.956999999999999886e-06,7.115349414652992512e+18
5.963999999999999988e-06,7.075905983407455232e+18
5.971000000000000091e-06,7.036350337563780096e+18
5.978000000000000193e-06,6.996682477121964032e+18
5.984999999999999449e-06,6.956902402082021376e+18
5.991999999999999551e-06,6.917010112443932672e+18
5.998999999999999653e-06,6.877005608207708160e+18
6.005999999999999756e-06,6.836888889373345792e+18
6.012999999999999858e-06,6.796659955940842496e+18
6.019999999999999961e-06,6.756318807910202368e+18
6.027000000000000063e-06,6.715865445281426432e+18
6.034000000000000165e-06,6.675299868054505472e+18
6.040999999999999421e-06,6.634622076229460992e+18
6.047999999999999523e-06,6.593832069806269440e+18
6.054999999999999625e-06,6.552929848784945152e+18
6.061999999999999728e-06,6.511915413165477888e+18
6.068999999999999830e-06,6.470788762947874816e+18
6.075999999999999933e-06,6.429549898132134912e+18
6.083000000000000035e-06,6.388198818718256128e+18
6.090000000000000137e-06,6.346735524706236416e+18
6.097000000000000240e-06,6.305160016096083968e+18
6.103999999999999495e-06,6.263472292887797760e+18
6.110999999999999597e-06,6.221672355081368576e+18
6.117999999999999700e-06,6.179760202676801536e+18
6.124999999999999802e-06,6.137735835674094592e+18
6.131999999999999905e-06,6.095599254073252864e+18
6.139000000000000007e-06,6.053350457874268160e+18
6.146000000000000109e-06,6.010989447077151744e+18
6.153000000000000212e-06,5.968516221681891328e+18
6.159999999999999467e-06,5.925930781688505344e+18
6.166999999999999570e-06,5.883233127096973312e+18
6.173999999999999672e-06,5.840423257907307520e+18
6.180999999999999774e-06,5.797501174119500800e+18
6.187999999999999877e-06,5.754466875733556224e+18
6.194999999999999979e-06,5.711320362749472768e+18
6.202000000000000081e-06,5.668061635167256576e+18
6.209000000000000184e-06,5.624690692986895360e+18
6.215999999999999439e-06,5.581207536208405504e+18
6.222999999999999542e-06,5.537612164831772672e+18
6.229999999999999644e-06,5.493904578857007104e+18
6.236999999999999746e-06,5.450084778284099584e+18
6.243999999999999849e-06,5.406152763113054208e+18
6.250999999999999951e-06,5.362108533343867904e+18
6.258000000000000054e-06,5.317952088976546816e+18
6.265000000000000156e-06,5.273683430011086848e+18
6.272000000000000258e-06,5.229302556447486976e+18
6.278999999999999514e-06,5.184809468285760512e+18
6.285999999999999616e-06,5.140204165525885952e+18
6.292999999999999718e-06,5.095486648167879680e+18
6.299999999999999821e-06,5.050656916211729408e+18
6.306999999999999923e-06,5.005714969657444352e+18
6.314000000000000026e-06,4.960660808505021440e+18
6.321000000000000128e-06,4.915494432754457600e+18
6.328000000000000230e-06,4.870215842405753856e+18
6.334999999999999486e-06,4.824825037458923520e+18
6.341999999999999588e-06,4.779322017913945088e+18
6.348999999999999690e-06,4.733706783770832896e+18
6.355999999999999793e-06,4.687979335029579776e+18
6.362999999999999895e-06,4.642139671690191872e+18
6.369999999999999998e-06,4.596187793752666624e+18
6.377000000000000100e-06,4.550123701216999936e+18
6.384000000000000202e-06,4.503947394083198976e+18
6.390999999999999458e-06,4.457658872351264768e+18
6.397999999999999560e-06,4.411258136021187072e+18
6.404999999999999663e-06,4.364745185092969472e+18
6.411999999999999765e-06,4.318120019566617088e+18
6.418999999999999867e-06,4.271382639442123264e+18
6.425999999999999970e-06,4.224533044719492608e+18
6.433000000000000072e-06,4.177571235398722048e+18
6.440000000000000174e-06,4.130497211479815680e+18
6.446999999999999430e-06,4.083310972962776064e+18
6.453999999999999532e-06,4.036012519847592448e+18
6.460999999999999635e-06,3.988601852134275072e+18
6.467999999999999737e-06,3.941078969822815232e+18
6.474999999999999839e-06,3.893443872913217536e+18
6.481999999999999942e-06,3.845696561405483520e+18
6.489000000000000044e-06,3.797837035299608064e+18
6.496000000000000147e-06,3.749865294595595776e+18
6.503000000000000249e-06,3.701781339293444608e+18
6.509999999999999504e-06,3.653585169393161216e+18
6.516999999999999607e-06,3.605276784894737920e+18
6.523999999999999709e-06,3.556856185798172672e+18
6.530999999999999811e-06,3.508323372103469568e+18
6.537999999999999914e-06,3.459678343810630144e+18
6.545000000000000016e-06,3.410921100919650304e+18
6.552000000000000119e-06,3.362051643430533632e+18
6.559000000000000221e-06,3.313069971343278592e+18
6.565999999999999476e-06,3.263976084657894912e+18
6.572999999999999579e-06,3.214769983374365184e+18
6.579999999999999681e-06,3.165451667492699648e+18
6.586999999999999783e-06,3.116021137012892672e+18
6.593999999999999886e-06,3.066478391934950400e+18
6.600999999999999988e-06,3.016823432258867712e+18
6.608000000000000091e-06,2.967056257984647168e+18
6.615000000000000193e-06,2.917176869112288256e+18
6.621999999999999448e-06,2.867185265641799168e+18
6.628999999999999551e-06,2.817081447573165056e+18
6.635999999999999653e-06,2.766865414906393600e+18
6.642999999999999756e-06,2.716537167641482752e+18
6.649999999999999858e-06,2.666096705778434048e+18
6.656999999999999960e-06,2.615544029317246976e+18
6.664000000000000063e-06,2.564879138257922560e+18
6.671000000000000165e-06,2.514102032600457728e+18
6.677999999999999420e-06,2.463212712344863232e+18
6.684999999999999523e-06,2.412211177491124224e+18
6.691999999999999625e-06,2.361097428039247872e+18
6.698999999999999728e-06,2.309871463989233152e+18
6.705999999999999830e-06,2.258533285341080320e+18
6.712999999999999932e-06,2.207082892094789376e+18
6.720000000000000035e-06,2.155520284250360576e+18
6.727000000000000137e-06,2.103845461807792640e+18
6.734000000000000239e-06,2.052058424767087872e+18
6.740999999999999495e-06,2.000159173128251648e+18
6.747999999999999597e-06,1.948147706891270144e+18
6.754999999999999700e-06,1.896024026056151296e+18
6.761999999999999802e-06,1.843788130622894336e+18
6.768999999999999904e-06,1.791440020591498752e+18
6.776000000000000007e-06,1.738979695961964544e+18
6.783000000000000109e-06,1.686407156734292736e+18
6.790000000000000212e-06,1.633722402908482304e+18
6.796999999999999467e-06,1.580925434484542208e+18
6.803999999999999569e-06,1.528016251462455808e+18
6.810999999999999672e-06,1.474994853842232320e+18
6.817999999999999774e-06,1.421861241623868928e+18
6.824999999999999876e-06,1.368615414807369216e+18
6.831999999999999979e-06,1.315257373392729856e+18
6.839000000000000081e-06,1.261787117379953408e+18
6.846000000000000184e-06,1.208204646769038848e+18
6.852999999999999439e-06,1.154509961559992320e+18
6.859999999999999541e-06,1.100703061752801408e+18
6.866999999999999644e-06,1.046783947347472896e+18
6.873999999999999746e-06,9.927526183440056320e+17
6.880999999999999848e-06,9.386090747424008960e+17
6.887999999999999951e-06,8.843533165426574080e+17
6.895000000000000053e-06,8.299853437447760640e+17
6.902000000000000156e-06,7.755051563487567360e+17
6.908999999999999411e-06,7.209127543546060800e+17
6.915999999999999513e-06,6.662081377623107840e+17
6.922999999999999616e-06,6.113913065718772480e+17
6.929999999999999718e-06,5.564622607833056000e+17
6.936999999999999821e-06,5.014210003965959040e+17
6.943999999999999923e-06,4.462675254117481600e+17
6.951000000000000025e-06,3.910018358287619840e+17
6.958000000000000128e-06,3.356239316476380160e+17
6.965000000000000230e-06,2.801338128683756800e+17
6.971999999999999485e-06,2.245314794909822720e+17
6.978999999999999588e-06,1.688169315154439360e+17
6.985999999999999690e-06,1.129901689417673920e+17
6.992999999999999793e-06,5.705119176995278400e+16
6.999999999999999895e-06,9.999999999999935000e+14
